[data]
num_nodes = 10
lag = 12
horizon = 1
val_ratio = 0.2
test_ratio = 0.2
tod = False
normalizer = std
column_wise = False
default_graph = True

[model]
input_dim = 1
output_dim = 1
embed_dim = 10
rnn_units = 64
num_layers = 2
cheb_order = 2
p1 = 0.1

[train]
loss_func = mae
seed = 10
batch_size = 64
epochs = 100
lr_init = 0.003
lr_decay = False
lr_decay_rate = 0.3
lr_decay_step = 5,20,40,70
early_stop = True
early_stop_patience = 15
grad_norm = False
max_grad_norm = 5
real_value = True

[test]
mae_thresh = None
mape_thresh = 0.001

[log]
log_step = 20
plot = False

[cor_m]
matrix = [[0.99998    0.49999167 0.30150651 0.         0.28866891 0.749985
	  0.70709471 0.249995   0.56693675 0.45225977]
	 [0.49999167 0.99998667 0.50251253 0.13608075 0.76978634 0.49999167
	  0.35354853 0.49999167 0.50394546 0.50251253]
	 [0.30150651 0.50251253 0.99998794 0.24617949 0.52222379 0.45225977
	  0.21319792 0.60301302 0.22791806 0.27272398]
	 [0.         0.13608075 0.24617949 0.99998367 0.23569761 0.
	  0.4330061  0.20412044 0.         0.24617949]
	 [0.28866891 0.76978634 0.52222379 0.23569761 0.99997691 0.28866891
	  0.40824069 0.28866891 0.21821372 0.1740746 ]
	 [0.749985   0.49999167 0.45225977 0.         0.28866891 0.99998
	  0.70709471 0.49999    0.75591567 0.30150651]
	 [0.70709471 0.35354853 0.21319792 0.4330061  0.40824069 0.70709471
	  0.99998586 0.35354736 0.53451466 0.31979688]
	 [0.249995   0.49999167 0.60301302 0.20412044 0.28866891 0.49999
	  0.35354736 0.99998    0.18897892 0.15075326]
	 [0.56693675 0.50394546 0.22791806 0.         0.21821372 0.75591567
	  0.53451466 0.18897892 0.99998488 0.68375417]
	 [0.45225977 0.50251253 0.27272398 0.24617949 0.1740746  0.30150651
	  0.31979688 0.15075326 0.68375417 0.99998794]]

