[data]
num_nodes = 5
lag = 12
horizon = 1
val_ratio = 0.2
test_ratio = 0.2
tod = False
normalizer = std
column_wise = False
default_graph = True

[model]
input_dim = 1
output_dim = 1
embed_dim = 10
rnn_units = 64
num_layers = 2
cheb_order = 2
p1 = 0.1

[train]
loss_func = mae
seed = 10
batch_size = 64
epochs = 100
lr_init = 0.003
lr_decay = False
lr_decay_rate = 0.3
lr_decay_step = 5,20,40,70
early_stop = True
early_stop_patience = 15
grad_norm = False
max_grad_norm = 5
real_value = True

[test]
mae_thresh = None
mape_thresh = 0.001

[log]
log_step = 20
plot = False

[var_para]
adj_m = [[0 1 0 1 0]
	 [1 0 1 1 0]
	 [0 1 0 0 1]
	 [1 1 0 0 0]
	 [0 0 1 0 0]]
cor_m = [[0.33333334 0.28867513 0.         0.33333334 0.        ]
	 [0.28867513 0.25       0.28867513 0.28867513 0.        ]
	 [0.         0.28867513 0.33333334 0.         0.4082483 ]
	 [0.33333334 0.28867513 0.         0.33333334 0.        ]
	 [0.         0.         0.4082483  0.         0.5       ]]
cor_hop = 2
cor_t = 12
theta = [[  2   4  -8   4 -10  -5  -1   7  -9  -3  -4   2]
	 [  9  -1  -4   4   2  -5   7   2  -9 -10  -7   9]
	 [ -7   2   4  -1  -7   2   2   4  -7  -3  -1   4]]
noise_mu = [-0.4127857   1.251457    0.76447713  0.5342555  -0.43017104]
noise_sigma = [[2.70189747 1.3129594  1.17602909 1.19053597 1.92132033]
	 [1.3129594  1.07280555 0.82933626 0.87140362 1.04191453]
	 [1.17602909 0.82933626 1.0496039  0.6616318  1.07944457]
	 [1.19053597 0.87140362 0.6616318  0.79676761 0.87201373]
	 [1.92132033 1.04191453 1.07944457 0.87201373 1.85393955]]

